[-150.0, -60.0, -10.0]
[-150.0, -80.0, -10.0]
[-150.0, -100.0, -10.0]
[-150.0, -120.0, -10.0]
[-150.0, -140.0, -10.0]
[-150.0, -160.0, -10.0]
[-150.0, -180.0, -10.0]
[-150.0, -200.0, -10.0]
[-150.0, -220.0, -10.0]
[-150.0, -240.0, -10.0]
[-133.33333333333334, -60.0, -10.0]
[-133.33333333333334, -80.0, -10.0]
[-133.33333333333334, -100.0, -10.0]
[-133.33333333333334, -120.0, -10.0]
[-133.33333333333334, -140.0, -10.0]
[-133.33333333333334, -160.0, -10.0]
[-133.33333333333334, -180.0, -10.0]
[-133.33333333333334, -200.0, -10.0]
[-133.33333333333334, -220.0, -10.0]
[-133.33333333333334, -240.0, -10.0]
[-116.66666666666666, -60.0, -10.0]
[-116.66666666666666, -80.0, -10.0]
[-116.66666666666666, -100.0, -10.0]
[-116.66666666666666, -120.0, -10.0]
[-116.66666666666666, -140.0, -10.0]
[-116.66666666666666, -160.0, -10.0]
[-116.66666666666666, -180.0, -10.0]
[-116.66666666666666, -200.0, -10.0]
[-116.66666666666666, -220.0, -10.0]
[-116.66666666666666, -240.0, -10.0]
[-100.0, -60.0, -10.0]
[-100.0, -80.0, -10.0]
[-100.0, -100.0, -10.0]
[-100.0, -120.0, -10.0]
[-100.0, -140.0, -10.0]
[-100.0, -160.0, -10.0]
[-100.0, -180.0, -10.0]
[-100.0, -200.0, -10.0]
[-100.0, -220.0, -10.0]
[-100.0, -240.0, -10.0]
[-83.33333333333333, -60.0, -10.0]
[-83.33333333333333, -80.0, -10.0]
[-83.33333333333333, -100.0, -10.0]
[-83.33333333333333, -120.0, -10.0]
[-83.33333333333333, -140.0, -10.0]
[-83.33333333333333, -160.0, -10.0]
[-83.33333333333333, -180.0, -10.0]
[-83.33333333333333, -200.0, -10.0]
[-83.33333333333333, -220.0, -10.0]
[-83.33333333333333, -240.0, -10.0]
[-66.66666666666666, -60.0, -10.0]
[-66.66666666666666, -80.0, -10.0]
[-66.66666666666666, -100.0, -10.0]
[-66.66666666666666, -120.0, -10.0]
[-66.66666666666666, -140.0, -10.0]
[-66.66666666666666, -160.0, -10.0]
[-66.66666666666666, -180.0, -10.0]
[-66.66666666666666, -200.0, -10.0]
[-66.66666666666666, -220.0, -10.0]
[-66.66666666666666, -240.0, -10.0]
[-50.0, -60.0, -10.0]
[-50.0, -80.0, -10.0]
[-50.0, -100.0, -10.0]
[-50.0, -120.0, -10.0]
[-50.0, -140.0, -10.0]
[-50.0, -160.0, -10.0]
[-50.0, -180.0, -10.0]
[-50.0, -200.0, -10.0]
[-50.0, -220.0, -10.0]
[-50.0, -240.0, -10.0]
[-33.33333333333333, -60.0, -10.0]
[-33.33333333333333, -80.0, -10.0]
[-33.33333333333333, -100.0, -10.0]
[-33.33333333333333, -120.0, -10.0]
[-33.33333333333333, -140.0, -10.0]
[-33.33333333333333, -160.0, -10.0]
[-33.33333333333333, -180.0, -10.0]
[-33.33333333333333, -200.0, -10.0]
[-33.33333333333333, -220.0, -10.0]
[-33.33333333333333, -240.0, -10.0]
[-16.666666666666657, -60.0, -10.0]
[-16.666666666666657, -80.0, -10.0]
[-16.666666666666657, -100.0, -10.0]
[-16.666666666666657, -120.0, -10.0]
[-16.666666666666657, -140.0, -10.0]
[-16.666666666666657, -160.0, -10.0]
[-16.666666666666657, -180.0, -10.0]
[-16.666666666666657, -200.0, -10.0]
[-16.666666666666657, -220.0, -10.0]
[-16.666666666666657, -240.0, -10.0]
[0.0, -60.0, -10.0]
[0.0, -80.0, -10.0]
[0.0, -100.0, -10.0]
[0.0, -120.0, -10.0]
[0.0, -140.0, -10.0]
[0.0, -160.0, -10.0]
[0.0, -180.0, -10.0]
[0.0, -200.0, -10.0]
[0.0, -220.0, -10.0]
[0.0, -240.0, -10.0]
[-150.0, -60.0, -23.333333333333336]
[-150.0, -80.0, -23.333333333333336]
[-150.0, -100.0, -23.333333333333336]
[-150.0, -120.0, -23.333333333333336]
[-150.0, -140.0, -23.333333333333336]
[-150.0, -160.0, -23.333333333333336]
[-150.0, -180.0, -23.333333333333336]
[-150.0, -200.0, -23.333333333333336]
[-150.0, -220.0, -23.333333333333336]
[-150.0, -240.0, -23.333333333333336]
[-133.33333333333334, -60.0, -23.333333333333336]
[-133.33333333333334, -80.0, -23.333333333333336]
[-133.33333333333334, -100.0, -23.333333333333336]
[-133.33333333333334, -120.0, -23.333333333333336]
[-133.33333333333334, -140.0, -23.333333333333336]
[-133.33333333333334, -160.0, -23.333333333333336]
[-133.33333333333334, -180.0, -23.333333333333336]
[-133.33333333333334, -200.0, -23.333333333333336]
[-133.33333333333334, -220.0, -23.333333333333336]
[-133.33333333333334, -240.0, -23.333333333333336]
[-116.66666666666666, -60.0, -23.333333333333336]
[-116.66666666666666, -80.0, -23.333333333333336]
[-116.66666666666666, -100.0, -23.333333333333336]
[-116.66666666666666, -120.0, -23.333333333333336]
[-116.66666666666666, -140.0, -23.333333333333336]
[-116.66666666666666, -160.0, -23.333333333333336]
[-116.66666666666666, -180.0, -23.333333333333336]
[-116.66666666666666, -200.0, -23.333333333333336]
[-116.66666666666666, -220.0, -23.333333333333336]
[-116.66666666666666, -240.0, -23.333333333333336]
[-100.0, -60.0, -23.333333333333336]
[-100.0, -80.0, -23.333333333333336]
[-100.0, -100.0, -23.333333333333336]
[-100.0, -120.0, -23.333333333333336]
[-100.0, -140.0, -23.333333333333336]
[-100.0, -160.0, -23.333333333333336]
[-100.0, -180.0, -23.333333333333336]
[-100.0, -200.0, -23.333333333333336]
[-100.0, -220.0, -23.333333333333336]
[-100.0, -240.0, -23.333333333333336]
[-83.33333333333333, -60.0, -23.333333333333336]
[-83.33333333333333, -80.0, -23.333333333333336]
[-83.33333333333333, -100.0, -23.333333333333336]
[-83.33333333333333, -120.0, -23.333333333333336]
[-83.33333333333333, -140.0, -23.333333333333336]
[-83.33333333333333, -160.0, -23.333333333333336]
[-83.33333333333333, -180.0, -23.333333333333336]
[-83.33333333333333, -200.0, -23.333333333333336]
[-83.33333333333333, -220.0, -23.333333333333336]
[-83.33333333333333, -240.0, -23.333333333333336]
[-66.66666666666666, -60.0, -23.333333333333336]
[-66.66666666666666, -80.0, -23.333333333333336]
[-66.66666666666666, -100.0, -23.333333333333336]
[-66.66666666666666, -120.0, -23.333333333333336]
[-66.66666666666666, -140.0, -23.333333333333336]
[-66.66666666666666, -160.0, -23.333333333333336]
[-66.66666666666666, -180.0, -23.333333333333336]
[-66.66666666666666, -200.0, -23.333333333333336]
[-66.66666666666666, -220.0, -23.333333333333336]
[-66.66666666666666, -240.0, -23.333333333333336]
[-50.0, -60.0, -23.333333333333336]
[-50.0, -80.0, -23.333333333333336]
[-50.0, -100.0, -23.333333333333336]
[-50.0, -120.0, -23.333333333333336]
[-50.0, -140.0, -23.333333333333336]
[-50.0, -160.0, -23.333333333333336]
[-50.0, -180.0, -23.333333333333336]
[-50.0, -200.0, -23.333333333333336]
[-50.0, -220.0, -23.333333333333336]
[-50.0, -240.0, -23.333333333333336]
[-33.33333333333333, -60.0, -23.333333333333336]
[-33.33333333333333, -80.0, -23.333333333333336]
[-33.33333333333333, -100.0, -23.333333333333336]
[-33.33333333333333, -120.0, -23.333333333333336]
[-33.33333333333333, -140.0, -23.333333333333336]
[-33.33333333333333, -160.0, -23.333333333333336]
[-33.33333333333333, -180.0, -23.333333333333336]
[-33.33333333333333, -200.0, -23.333333333333336]
[-33.33333333333333, -220.0, -23.333333333333336]
[-33.33333333333333, -240.0, -23.333333333333336]
[-16.666666666666657, -60.0, -23.333333333333336]
[-16.666666666666657, -80.0, -23.333333333333336]
[-16.666666666666657, -100.0, -23.333333333333336]
[-16.666666666666657, -120.0, -23.333333333333336]
[-16.666666666666657, -140.0, -23.333333333333336]
[-16.666666666666657, -160.0, -23.333333333333336]
[-16.666666666666657, -180.0, -23.333333333333336]
[-16.666666666666657, -200.0, -23.333333333333336]
[-16.666666666666657, -220.0, -23.333333333333336]
[-16.666666666666657, -240.0, -23.333333333333336]
[0.0, -60.0, -23.333333333333336]
[0.0, -80.0, -23.333333333333336]
[0.0, -100.0, -23.333333333333336]
[0.0, -120.0, -23.333333333333336]
[0.0, -140.0, -23.333333333333336]
[0.0, -160.0, -23.333333333333336]
[0.0, -180.0, -23.333333333333336]
[0.0, -200.0, -23.333333333333336]
[0.0, -220.0, -23.333333333333336]
[0.0, -240.0, -23.333333333333336]
[-150.0, -60.0, -36.66666666666667]
[-150.0, -80.0, -36.66666666666667]
[-150.0, -100.0, -36.66666666666667]
[-150.0, -120.0, -36.66666666666667]
[-150.0, -140.0, -36.66666666666667]
[-150.0, -160.0, -36.66666666666667]
[-150.0, -180.0, -36.66666666666667]
[-150.0, -200.0, -36.66666666666667]
[-150.0, -220.0, -36.66666666666667]
[-150.0, -240.0, -36.66666666666667]
[-133.33333333333334, -60.0, -36.66666666666667]
[-133.33333333333334, -80.0, -36.66666666666667]
[-133.33333333333334, -100.0, -36.66666666666667]
[-133.33333333333334, -120.0, -36.66666666666667]
[-133.33333333333334, -140.0, -36.66666666666667]
[-133.33333333333334, -160.0, -36.66666666666667]
[-133.33333333333334, -180.0, -36.66666666666667]
[-133.33333333333334, -200.0, -36.66666666666667]
[-133.33333333333334, -220.0, -36.66666666666667]
[-133.33333333333334, -240.0, -36.66666666666667]
[-116.66666666666666, -60.0, -36.66666666666667]
[-116.66666666666666, -80.0, -36.66666666666667]
[-116.66666666666666, -100.0, -36.66666666666667]
[-116.66666666666666, -120.0, -36.66666666666667]
[-116.66666666666666, -140.0, -36.66666666666667]
[-116.66666666666666, -160.0, -36.66666666666667]
[-116.66666666666666, -180.0, -36.66666666666667]
[-116.66666666666666, -200.0, -36.66666666666667]
[-116.66666666666666, -220.0, -36.66666666666667]
[-116.66666666666666, -240.0, -36.66666666666667]
[-100.0, -60.0, -36.66666666666667]
[-100.0, -80.0, -36.66666666666667]
[-100.0, -100.0, -36.66666666666667]
[-100.0, -120.0, -36.66666666666667]
[-100.0, -140.0, -36.66666666666667]
[-100.0, -160.0, -36.66666666666667]
[-100.0, -180.0, -36.66666666666667]
[-100.0, -200.0, -36.66666666666667]
[-100.0, -220.0, -36.66666666666667]
[-100.0, -240.0, -36.66666666666667]
[-83.33333333333333, -60.0, -36.66666666666667]
[-83.33333333333333, -80.0, -36.66666666666667]
[-83.33333333333333, -100.0, -36.66666666666667]
[-83.33333333333333, -120.0, -36.66666666666667]
[-83.33333333333333, -140.0, -36.66666666666667]
[-83.33333333333333, -160.0, -36.66666666666667]
[-83.33333333333333, -180.0, -36.66666666666667]
[-83.33333333333333, -200.0, -36.66666666666667]
[-83.33333333333333, -220.0, -36.66666666666667]
[-83.33333333333333, -240.0, -36.66666666666667]
[-66.66666666666666, -60.0, -36.66666666666667]
[-66.66666666666666, -80.0, -36.66666666666667]
[-66.66666666666666, -100.0, -36.66666666666667]
[-66.66666666666666, -120.0, -36.66666666666667]
[-66.66666666666666, -140.0, -36.66666666666667]
[-66.66666666666666, -160.0, -36.66666666666667]
[-66.66666666666666, -180.0, -36.66666666666667]
[-66.66666666666666, -200.0, -36.66666666666667]
[-66.66666666666666, -220.0, -36.66666666666667]
[-66.66666666666666, -240.0, -36.66666666666667]
[-50.0, -60.0, -36.66666666666667]
[-50.0, -80.0, -36.66666666666667]
[-50.0, -100.0, -36.66666666666667]
[-50.0, -120.0, -36.66666666666667]
[-50.0, -140.0, -36.66666666666667]
[-50.0, -160.0, -36.66666666666667]
[-50.0, -180.0, -36.66666666666667]
[-50.0, -200.0, -36.66666666666667]
[-50.0, -220.0, -36.66666666666667]
[-50.0, -240.0, -36.66666666666667]
[-33.33333333333333, -60.0, -36.66666666666667]
[-33.33333333333333, -80.0, -36.66666666666667]
[-33.33333333333333, -100.0, -36.66666666666667]
[-33.33333333333333, -120.0, -36.66666666666667]
[-33.33333333333333, -140.0, -36.66666666666667]
[-33.33333333333333, -160.0, -36.66666666666667]
[-33.33333333333333, -180.0, -36.66666666666667]
[-33.33333333333333, -200.0, -36.66666666666667]
[-33.33333333333333, -220.0, -36.66666666666667]
[-33.33333333333333, -240.0, -36.66666666666667]
[-16.666666666666657, -60.0, -36.66666666666667]
[-16.666666666666657, -80.0, -36.66666666666667]
[-16.666666666666657, -100.0, -36.66666666666667]
[-16.666666666666657, -120.0, -36.66666666666667]
[-16.666666666666657, -140.0, -36.66666666666667]
[-16.666666666666657, -160.0, -36.66666666666667]
[-16.666666666666657, -180.0, -36.66666666666667]
[-16.666666666666657, -200.0, -36.66666666666667]
[-16.666666666666657, -220.0, -36.66666666666667]
[-16.666666666666657, -240.0, -36.66666666666667]
[0.0, -60.0, -36.66666666666667]
[0.0, -80.0, -36.66666666666667]
[0.0, -100.0, -36.66666666666667]
[0.0, -120.0, -36.66666666666667]
[0.0, -140.0, -36.66666666666667]
[0.0, -160.0, -36.66666666666667]
[0.0, -180.0, -36.66666666666667]
[0.0, -200.0, -36.66666666666667]
[0.0, -220.0, -36.66666666666667]
[0.0, -240.0, -36.66666666666667]
[-150.0, -60.0, -50.0]
[-150.0, -80.0, -50.0]
[-150.0, -100.0, -50.0]
[-150.0, -120.0, -50.0]
[-150.0, -140.0, -50.0]
[-150.0, -160.0, -50.0]
[-150.0, -180.0, -50.0]
[-150.0, -200.0, -50.0]
[-150.0, -220.0, -50.0]
[-150.0, -240.0, -50.0]
[-133.33333333333334, -60.0, -50.0]
[-133.33333333333334, -80.0, -50.0]
[-133.33333333333334, -100.0, -50.0]
[-133.33333333333334, -120.0, -50.0]
[-133.33333333333334, -140.0, -50.0]
[-133.33333333333334, -160.0, -50.0]
[-133.33333333333334, -180.0, -50.0]
[-133.33333333333334, -200.0, -50.0]
[-133.33333333333334, -220.0, -50.0]
[-133.33333333333334, -240.0, -50.0]
[-116.66666666666666, -60.0, -50.0]
[-116.66666666666666, -80.0, -50.0]
[-116.66666666666666, -100.0, -50.0]
[-116.66666666666666, -120.0, -50.0]
[-116.66666666666666, -140.0, -50.0]
[-116.66666666666666, -160.0, -50.0]
[-116.66666666666666, -180.0, -50.0]
[-116.66666666666666, -200.0, -50.0]
[-116.66666666666666, -220.0, -50.0]
[-116.66666666666666, -240.0, -50.0]
[-100.0, -60.0, -50.0]
[-100.0, -80.0, -50.0]
[-100.0, -100.0, -50.0]
[-100.0, -120.0, -50.0]
[-100.0, -140.0, -50.0]
[-100.0, -160.0, -50.0]
[-100.0, -180.0, -50.0]
[-100.0, -200.0, -50.0]
[-100.0, -220.0, -50.0]
[-100.0, -240.0, -50.0]
[-83.33333333333333, -60.0, -50.0]
[-83.33333333333333, -80.0, -50.0]
[-83.33333333333333, -100.0, -50.0]
[-83.33333333333333, -120.0, -50.0]
[-83.33333333333333, -140.0, -50.0]
[-83.33333333333333, -160.0, -50.0]
[-83.33333333333333, -180.0, -50.0]
[-83.33333333333333, -200.0, -50.0]
[-83.33333333333333, -220.0, -50.0]
[-83.33333333333333, -240.0, -50.0]
[-66.66666666666666, -60.0, -50.0]
[-66.66666666666666, -80.0, -50.0]
[-66.66666666666666, -100.0, -50.0]
[-66.66666666666666, -120.0, -50.0]
[-66.66666666666666, -140.0, -50.0]
[-66.66666666666666, -160.0, -50.0]
[-66.66666666666666, -180.0, -50.0]
[-66.66666666666666, -200.0, -50.0]
[-66.66666666666666, -220.0, -50.0]
[-66.66666666666666, -240.0, -50.0]
[-50.0, -60.0, -50.0]
[-50.0, -80.0, -50.0]
[-50.0, -100.0, -50.0]
[-50.0, -120.0, -50.0]
[-50.0, -140.0, -50.0]
[-50.0, -160.0, -50.0]
[-50.0, -180.0, -50.0]
[-50.0, -200.0, -50.0]
[-50.0, -220.0, -50.0]
[-50.0, -240.0, -50.0]
[-33.33333333333333, -60.0, -50.0]
[-33.33333333333333, -80.0, -50.0]
[-33.33333333333333, -100.0, -50.0]
[-33.33333333333333, -120.0, -50.0]
[-33.33333333333333, -140.0, -50.0]
[-33.33333333333333, -160.0, -50.0]
[-33.33333333333333, -180.0, -50.0]
[-33.33333333333333, -200.0, -50.0]
[-33.33333333333333, -220.0, -50.0]
[-33.33333333333333, -240.0, -50.0]
[-16.666666666666657, -60.0, -50.0]
[-16.666666666666657, -80.0, -50.0]
[-16.666666666666657, -100.0, -50.0]
[-16.666666666666657, -120.0, -50.0]
[-16.666666666666657, -140.0, -50.0]
[-16.666666666666657, -160.0, -50.0]
[-16.666666666666657, -180.0, -50.0]
[-16.666666666666657, -200.0, -50.0]
[-16.666666666666657, -220.0, -50.0]
[-16.666666666666657, -240.0, -50.0]
[0.0, -60.0, -50.0]
[0.0, -80.0, -50.0]
[0.0, -100.0, -50.0]
[0.0, -120.0, -50.0]
[0.0, -140.0, -50.0]
[0.0, -160.0, -50.0]
[0.0, -180.0, -50.0]
[0.0, -200.0, -50.0]
[0.0, -220.0, -50.0]
[0.0, -240.0, -50.0]
